,x0,x1,x2,x3,x4,x5,x6,x7,x8,x9,x10,x11,x12,x13,Target,Hypothesis
0,-2.098404194850849,-1.7837043547637905,-2.6181905221741113,-2.178344789604674,-1.4141060913046908,-1.407413822133124,-2.9488293790723277,-2.7855142437236267,-3.0970655933983404,-2.3183803126987272,-3.1402475782428665,-2.286333551210578,-1.9017119047704787,-2.6430254347040494,-93042.42487665164,Weak
1,1.0159580514915092,4.162956452362096,-4.181905221741113,0.2165521039532603,7.858939086953093,7.925861778668761,-7.488293790723275,-5.855142437236265,-8.970655933983402,-1.1838031269872715,-9.402475782428661,-0.8633355121057775,2.982880952295215,-4.430254347040494,-2932060.457054457,Global
2,3.525098039602625,1.8172563483270174,-9.520362352456694,1.1770817598176393,-4.814951061850692,-1.6979760597986076,-4.329498364573626,3.8627583662599267,-1.1909256465852103,-6.862645230500735,0.8929803606368942,5.60629529022734,-3.872729352476405,-5.560842321356372,-1336920.182648607,Global
3,-2.240574848887025,8.727672997208607,9.519908449458676,3.4476735182562734,8.05668217076796,6.915017425863585,-2.440119173422217,-8.155659822565514,3.0682180504707226,1.1568152477690177,-2.768704738748438,-5.498909903203362,-1.869601672475028,-0.6211950260166184,-2349546.9372417717,Global
4,-4.615288434978774,-4.164144515491348,-0.8462720135404407,7.210678258938529,1.7250580893564287,-4.330242751355804,-4.440449867527974,-0.9075584895610653,-5.8917931079002495,-5.972425779138537,0.28070119634883817,-8.255412624383906,-0.32828935296826955,-2.7564757522433325,-1228843.1774655778,Global
5,-1.6393369884059712,-1.428650968736719,-1.2567617943874967,-2.95362295777585,-2.406431999276548,-3.102647080661726,-1.9285120332098495,-1.424660780711267,-1.82547386223738,-2.422581728032514,-1.6801522880222757,-1.2067741135564545,-3.197755921259068,-1.543888379338094,-69396.97275947849,Weak
6,-2.052204507261024,-1.6866180537623363,-3.0379016749707812,-2.9859619144334397,-1.7999107860675299,-2.7404835657699667,-2.983545474455852,-1.3675361850148058,-1.6334107069295887,-1.7451613721332955,-2.3753227061068296,-2.291863065454093,-2.9616243311520662,-2.163946684976227,-89734.31613657562,Weak
7,-1.356830784396843,-2.73003061839004,-2.3293515717630453,-2.4304543715803217,-1.4233281385289738,-2.0235791735899404,-3.0589380328847744,-2.03528336520211,-1.2818009283771266,-2.310633494281398,-1.8886711573660249,-1.457034781276127,-1.9734630807380713,-1.4396166695796646,-59840.116558984264,Weak
8,-2.8773273037491753,-2.1875544291054805,-1.3288696203172692,-1.9745304104827228,-3.127924802378981,-1.8319498069933535,-1.4212784271698604,-1.7513610585463306,-1.4712445884288006,-1.349794116507284,-3.118304698125164,-3.007007307619502,-2.474681438014637,-1.321122561424024,-79111.52490500257,Weak
9,-1.3343222122606357,-2.196510020148816,-3.0838532978017614,-1.3919385294271187,-2.482595627533949,-2.1422505433661314,-2.6056314786628016,-1.4799112328418453,-1.349692162835627,-2.3030739669100475,-3.1208011759748464,-2.864489055988141,-2.2660227882367416,-2.859558861751905,-84020.46123575575,Weak
10,-1.829432796732033,-2.097304253277173,-1.8252345306690425,-2.248702620065484,-2.3110457869215497,-2.099108740418262,-2.191735795170208,-2.0013513143114894,-1.834752971214677,-2.201408099450085,-2.5569966321314683,-2.014154639239956,-2.357276163353242,-1.849928068963644,-58932.29047907707,Global
11,-1.7832572939218674,-2.2107659379185343,-2.2663640853520355,-2.268486369669651,-1.7966213715647341,-2.186500462485341,-2.7236107002333636,-1.7037063385166453,-1.4866981082764676,-2.088153317060327,-2.187315612687945,-1.963571294562275,-2.3443870084848277,-1.648481469000568,-56898.763901350125,Global
12,-1.4867598251102463,-2.409189899982229,-2.3101345929333146,-2.6365410892722387,-1.8421254382036736,-2.225463185211306,-2.745262994046934,-2.0427239457135458,-1.5493409463719048,-2.2580803445988753,-2.2362502641938597,-1.6795775804561934,-2.2648219360182096,-1.81324854695559,-63890.713331230225,Global
13,-2.1675909956793187,-1.8077740376557232,-1.7814961280800972,-2.09402172797732,-2.387002417283405,-2.194620266235727,-2.093687114026077,-1.5646405739805325,-1.7113060924736057,-1.9420603349932475,-2.4894551843754895,-2.2511615934646176,-2.6017033817303923,-1.6563484413338734,-56951.10285671746,Global
14,-1.6860230422021492,-2.372803487195866,-2.078771320664048,-2.0765502937010925,-1.6156091152685859,-1.9638906764202018,-2.7758386003672024,-1.861858273315605,-1.5041102251534497,-2.221323230232545,-2.0547408008605954,-1.7724438384955123,-2.1001758315935066,-1.46029008712419,-51186.74323628907,Global
15,-1.6897453836166534,-2.3019842869515696,-1.9139885260465979,-1.9760379394207632,-1.574166712533816,-1.8618040728386578,-2.7238422244956695,-1.907083772996323,-1.5998899461602174,-2.2774559510226933,-2.0182726907982493,-1.6801194589146669,-2.0511190248656503,-1.3897421188640737,-47665.62740587728,Global
16,-1.6107858512301596,-1.9192023493563979,-1.6673274540826903,-2.0821222362337157,-1.4980997472683262,-1.856588764350214,-2.640969179474896,-1.8537372741295073,-1.7320020029460377,-2.3386554118902447,-1.8715272692239149,-1.3334692961480876,-2.1949629124767753,-1.3025825381362663,-42532.82952006596,Global
17,-1.5958325901481671,-1.8550268623695556,-1.6369065618794318,-2.1132690436986272,-1.5011008949397406,-1.8674844865985096,-2.6218602568861447,-1.8225099328219572,-1.7139364592362976,-2.324531763602693,-1.8558072376854253,-1.2914689708036142,-2.23435640102086,-1.2841927602344732,-41755.78064914059,Global
18,-1.5273533483640847,-1.7255978029701105,-1.4777118521906785,-2.1730795420479856,-1.6047117923422376,-1.7639104022892824,-2.4684469493467764,-1.7192992838141627,-1.392363449902698,-2.1083097558780906,-1.9720312301179301,-1.2866388252705456,-2.3021184091674862,-1.141670959903725,-36777.68799555651,Global
19,-1.5069473025591467,-1.737446159783931,-1.4368166573230157,-2.1532985506033953,-1.6251593847948549,-1.6775108542676915,-2.4306509499338,-1.740188572310253,-1.299558796843398,-2.0393427937692072,-2.0576838450266606,-1.3291834306716457,-2.265243610921769,-1.112243045386142,-35606.59388437282,Global
20,-1.4618500012104019,-1.7101840701084545,-1.4463092036994583,-2.0537524975906956,-1.5463726253686534,-1.4597329999939956,-2.450021365197203,-1.8470137094908659,-1.2651968853282045,-1.9452730141977306,-2.30065605886062,-1.4819137664324002,-2.1434515534003675,-1.1846384815466384,-35236.77436680007,Global
21,-1.4982509449543855,-1.7806692167430413,-1.3696002688717144,-2.081398293767661,-1.6296705361479953,-1.5009523370493651,-2.3862494903080966,-1.8226452729650708,-1.2187260548878274,-1.9562653761256217,-2.2025975590800617,-1.408372779730182,-2.161491344495699,-1.075459689895989,-34255.82716828962,Global
22,-1.6055023635333665,-1.8444897234402036,-1.3011564867114385,-2.052026308433745,-1.6695261069515919,-1.3952939467427194,-2.337956579205691,-1.8788696917871237,-1.2465858587052465,-1.9278981325788171,-2.1926665245010657,-1.3856538229790858,-2.101418931895941,-0.9680352574051803,-33447.102064292565,Global
23,-1.6642057677546134,-1.8260049729400119,-1.3205081147302702,-2.068216102848197,-1.6752413052753494,-1.356105482783139,-2.340675725299863,-1.8814280595508286,-1.2794837171753843,-1.9051812563629213,-2.185142746326529,-1.3610099699841536,-2.1030205252853373,-0.9421632789019335,-33439.316974881236,Global
24,-1.6501413797091036,-1.831366508482365,-1.2643249486447954,-2.0518252717900323,-1.655735907883674,-1.3818900323433008,-2.329049953924648,-1.8874536020148664,-1.2806371837067576,-1.9203760902907847,-2.173509967675758,-1.3765161338952079,-2.1010916627294343,-0.9315956469230082,-33149.587583505934,Global
25,-1.618444705767085,-1.761842324311336,-1.0141497927242842,-2.0760048361061987,-1.5032676718594495,-1.4623062068469932,-2.303509344907613,-1.7537752052673914,-1.2724327711451782,-1.8825362949936564,-2.0517487525135616,-1.2755709643159348,-2.1294271215017564,-0.6792386836648259,-29783.870787966847,Global
26,-1.4143327829836354,-1.893505045137857,-0.9244677638528608,-2.15122035771836,-1.3776091229181862,-1.5808079151557386,-2.287905927477469,-1.3192851623828479,-1.444667620070805,-1.7551379207970772,-2.222806997530124,-1.1252350885422369,-1.9923881011088744,-0.2621291656937715,-27786.120219718498,Global
27,-1.4710421141827026,-1.8306395223496654,-0.8835805319104535,-2.1295898842742407,-1.3440436636644768,-1.5390700261004315,-2.3130236346581197,-1.419938312345011,-1.3080246985006976,-1.7737444918141727,-2.070301158390026,-1.1112374532619131,-2.0470712878970736,-0.2861071755061736,-26714.20966342665,Global
28,-1.4623021748028953,-1.8855655126349162,-0.8131861237608866,-2.1421261407297014,-1.235434715907406,-1.523667787318572,-2.3715904748722143,-1.3780625783533083,-1.123316158416421,-1.74197000648086,-1.872745770263635,-0.9942406837797916,-2.0370464630627576,-0.08515390330065412,-24790.060259888152,Global
29,-1.4657295421449785,-2.1288846852213203,-0.7331982442031504,-2.2837166918975558,-1.1201155889112788,-1.543278167549312,-2.4398085075989506,-1.3965060734538501,-0.9307653733363673,-1.6766336709578822,-1.6561986886147966,-0.8437049722101095,-1.97212452910541,0.21759389395824047,-24835.9112228804,Global
30,-1.460464937818954,-1.962304310417995,-0.7959858448212508,-2.035874711288229,-1.2084343934208237,-1.461231888677138,-2.4230911882651864,-1.233583481798644,-0.9036008009743963,-1.727585297286433,-1.729856838862133,-0.9153365103416901,-1.9874374544178968,0.13300062983671662,-22720.096089573668,Global
31,-1.552464191225012,-1.9651853682076317,-0.7755409496735508,-1.8687536931443087,-1.3680646026136678,-1.3460821533033653,-2.457935769619716,-1.0155815629877072,-0.6850887237939705,-1.8157591156818644,-1.7636151485941276,-0.955749942392636,-1.9213038656007808,0.3157581499301448,-21934.889916640783,Global
32,-1.5032797748634747,-1.9911633697813058,-0.8039022229628686,-1.811018917683881,-1.325835167145066,-1.3543459077700088,-2.3879894538541397,-1.0329569747867369,-0.7189426361824894,-1.7078939274861331,-1.6981109064076383,-0.9242210568578967,-1.9448541496226315,0.28403427291312666,-20577.95303109981,Global
33,-1.481860975585601,-2.146037291716721,-0.7978532643198892,-1.5174120472973422,-1.4728550124602837,-1.2985389972860308,-1.9503694596418943,-0.8753447618026998,-0.6479587897460476,-1.1915436110886855,-1.5647833226791938,-0.8825094193617717,-2.0206400084611875,0.42660700858729494,-16065.429416685141,Global
34,-1.4874018455879723,-2.1511485496539713,-0.7342976902860063,-1.508103444598227,-1.5285286262422104,-1.312771523434224,-1.8061331287922893,-0.7922381643159224,-0.6146961460124326,-1.0279055840800404,-1.5463386917612045,-0.8571158525657958,-2.071543962174959,0.5261196230722888,-15229.428512780896,Global
35,-1.475007873890715,-2.044391492832375,-0.5520284076485171,-1.6061836701555467,-1.5538856325323787,-1.4118018561327301,-1.6866476056984774,-0.6151014694764073,-0.5826065459544216,-0.9457214003240266,-1.4862457381948473,-0.7442168946986989,-2.17631726584226,0.7330780870764992,-14225.589015509735,Global
36,-1.465895199658566,-2.0061830917149917,-0.48990721493622047,-1.626226575684575,-1.5514851699642824,-1.4552029661592984,-1.6623903811891814,-0.5804140012666158,-0.6088553094692805,-0.9912048263328708,-1.430173311604194,-0.6834072389228724,-2.205445199128573,0.7906358929603978,-13959.478095014663,Global
37,-1.4560875050408875,-2.014455940996875,-0.4723610549524531,-1.591776068771432,-1.5703600782041565,-1.4586421301817,-1.5577157856588757,-0.6390087011227162,-0.6959691565021663,-1.0930672197590305,-1.332431330842086,-0.6192871908944708,-2.219307654076698,0.861054432200516,-13597.72147928069,Global
38,-1.4379941384023243,-2.0083125410809237,-0.5129083913792312,-1.5948210419472166,-1.5601068990205782,-1.4399074164866843,-1.505832279558367,-0.665280310458406,-0.6977815368034426,-1.1179094229759057,-1.331567414952043,-0.6382558696787632,-2.22816919202781,0.9153517236178078,-13440.44166283625,Global
39,-1.4030939966349623,-1.9791854558649977,-0.5847613103217751,-1.6072664967219887,-1.5161326880936672,-1.4428697891723707,-1.4720944457833078,-0.6651853441070186,-0.6700923367438107,-1.1409924509186344,-1.3439781335372865,-0.6996566503495787,-2.2537606678911866,0.9757295477575176,-13323.617250423258,Global
40,-1.3995150079761696,-1.977714450882601,-0.591038673482659,-1.6016724712525603,-1.5063122296685882,-1.4538597517289242,-1.4691606164931605,-0.657599470567957,-0.6674469313400961,-1.1386299944499956,-1.336203154578996,-0.7097189555163672,-2.2606994749074887,0.9806860257101262,-13306.763593916174,Global
41,-1.4021201553008646,-1.9838993680141495,-0.590916342495771,-1.5927373510413585,-1.4974726819833815,-1.466689900620509,-1.4660241124634776,-0.6475636646358687,-0.6687150947105647,-1.1274679470141329,-1.3222680561608149,-0.7155140737485579,-2.2653561081899567,0.9897814529821715,-13284.701392749583,Global
42,-1.4139695031446122,-1.9949588245847167,-0.5897756031861748,-1.584837450100815,-1.4900351935905884,-1.479254392655553,-1.4688156665044254,-0.6365680755201788,-0.6769489293343706,-1.10510208975676,-1.3044197814038423,-0.715159773869228,-2.2647697790778003,1.0179589966948233,-13260.789985215195,Global
43,-1.4179666095596426,-1.989386285200099,-0.595400026404293,-1.577806954178175,-1.5002093525703537,-1.4867282164900695,-1.4860011298736209,-0.6429579724864167,-0.6876764241860671,-1.084433687893914,-1.2982271588364847,-0.7072177473217354,-2.2582284283643417,1.0518332435366624,-13233.18952256293,Global
44,-1.4036547892259765,-1.9738405565816812,-0.5993401696962084,-1.5650039865272674,-1.519488259011056,-1.4983536544081213,-1.503145068159315,-0.6614182087444529,-0.6893896148263234,-1.0710652849233437,-1.2988848734817109,-0.7034466746182645,-2.254027668685567,1.0694121293753904,-13201.10119685698,Global
45,-1.374809680563632,-1.9646817442543842,-0.5929127297567205,-1.5490227308261526,-1.5350466171679962,-1.5144551690153194,-1.509877193824471,-0.6802159269754537,-0.6787901444243799,-1.0637275743076962,-1.301225147787347,-0.7064659702263815,-2.2516482174797665,1.0739015463071777,-13154.12248477666,Global
46,-1.3206339515392969,-1.981352789890768,-0.5619510781799174,-1.5304528440110365,-1.5412503248727505,-1.5354160530162086,-1.5027532340776153,-0.6919873218598277,-0.6492028014070815,-1.0578928537544698,-1.307257828866734,-0.7117068203162038,-2.2395222610804795,1.0857019921510296,-13030.921718199364,Global
47,-1.2289209553635974,-2.0656197115583335,-0.49718238896120015,-1.5199318288017996,-1.5246182207194157,-1.539438322326879,-1.4744956671818727,-0.6546899341274491,-0.600284584400509,-1.0479610159862256,-1.327768975567104,-0.6972168193574031,-2.188227118078316,1.1532979732825073,-12706.594733911283,Global
48,-1.1289492362723454,-2.1638818411786027,-0.47525930025647584,-1.5302831200499396,-1.5260987156574821,-1.4811485271629667,-1.4521308127918817,-0.5336348508171773,-0.5912891600467708,-1.018340234894243,-1.33563345035165,-0.6560605042750267,-2.1111283633128117,1.2630752340172717,-12282.66687423167,Global
49,-1.0142245544240143,-2.167022503661336,-0.47375700325900705,-1.5971815804984504,-1.6122649728935836,-1.3669739857761556,-1.474145550957318,-0.43950305086927016,-0.6491338863115811,-0.9767475164449523,-1.2090386779991171,-0.7426867708078896,-2.0779290194827653,1.2710950258763924,-12039.734072215091,Global
50,-1.0230006306317168,-2.1727007453474476,-0.48119798589796664,-1.5804031298609702,-1.60110355240137,-1.3803595038945986,-1.4637027362385897,-0.4367564181242578,-0.6361450322298167,-0.9745332826619515,-1.231207546218484,-0.7136651227777345,-2.0802101951575493,1.2809478452130223,-12003.744262818547,Global
51,-1.0127374351036666,-2.180064130422673,-0.49547197502187346,-1.5657890506500511,-1.605995748479702,-1.374737109858893,-1.4476796392449796,-0.42456065355019895,-0.6093687074778463,-0.9525546632947351,-1.2152029572570613,-0.6852218327694531,-2.0970118336866927,1.2869638491753452,-11918.00588117867,Global
52,-0.9940439922418048,-2.2336974245547507,-0.4988223368076865,-1.5454803910711186,-1.6086721018538437,-1.3323075742623955,-1.4505363945892313,-0.4285557875875555,-0.5374962127983027,-0.9169912899932413,-1.164883995752105,-0.6282374812479471,-2.1931574665688984,1.3229123160293508,-12134.847807469177,Global
53,-1.0328891985144348,-2.105285541248788,-0.5549958315713144,-1.5848058885983731,-1.6051474090879088,-1.445205873510027,-1.3146522169649353,-0.39844021984993244,-0.49450562225352884,-0.8846555931912281,-1.1068965627006444,-0.6248431181050743,-1.888050238446003,1.2668582238919515,-10755.291843303628,Global
54,-1.0775143920594497,-2.0810109223209303,-0.5597157687718519,-1.6505495849640919,-1.5911095529205066,-1.4710372263968277,-1.234190760034447,-0.41499354442436687,-0.3378903375000742,-0.8443343079414778,-0.9554410960876417,-0.5690413425851348,-1.701332032652487,1.3207485167903048,-10158.5937054983,Global
55,-1.102150104461324,-2.0989960778196934,-0.5232930086346677,-1.6856823270298977,-1.601613988070694,-1.458276816942666,-1.2131567132981402,-0.4043983464495563,-0.25592291548812424,-0.8369466120023308,-0.8868160118758208,-0.5445269454093635,-1.638324924980006,1.4194372593170717,-10095.490579734578,Global
56,-1.0971404104268867,-2.0959338899494755,-0.528236508650137,-1.6866373605110179,-1.5919761387365448,-1.4600724026700276,-1.2138688157465565,-0.41281200384209327,-0.2642797092033242,-0.8345214742491027,-0.8874337752788721,-0.5437768522380054,-1.6375728544096935,1.4046076349558119,-10062.829691254698,Global
57,-1.0766862945773195,-2.096277103467264,-0.5136416469453823,-1.7019515017124016,-1.5530514625336684,-1.4523913532192352,-1.2052745298795668,-0.4300030185506227,-0.2825629941945722,-0.8118959164471139,-0.8653779189363361,-0.5195040950495257,-1.63102219046511,1.4135609863895107,-9853.642163580416,Global
58,-0.9847457548001115,-2.0853308286226815,-0.42577950412171356,-1.7627461446601609,-1.4022207053813667,-1.4343950600372966,-1.1193509016849685,-0.46477156237825734,-0.3749992965140606,-0.6782387880032656,-0.765576156079056,-0.4010866526919932,-1.6259379176719857,1.4866612112852196,-8945.920230784175,Global
59,-0.8878898480459677,-2.076899605964132,-0.2612794797496817,-1.8613878742622723,-1.37180917116483,-1.5436259704261424,-0.8161694370849134,-0.34865888446615273,-0.4528188377816835,-0.43109114845604557,-0.6250123736565911,-0.24913344267158596,-1.6365739192875677,1.711848687850533,-8542.569017051108,Global
60,-0.9065598225561701,-2.0599948315426935,-0.2850076419477765,-1.8275722231527187,-1.357738887554397,-1.5023731192221095,-0.8773662706646601,-0.3761005022627031,-0.44811156707596633,-0.47355521853959215,-0.6495134379642523,-0.27291406098364446,-1.6378438660088888,1.6607582997258272,-8343.735279244722,Global
61,-1.002001478053951,-1.8584836549353752,-0.1928913015375183,-1.6269035881127274,-1.3789304454644409,-1.3534984280899311,-0.7928767134334078,-0.2672561800720032,-0.40428878199986906,-0.4485756121458089,-0.6661180226899462,-0.30232649689485436,-1.648159361070588,1.6513574448100212,-6534.731819125575,Global
62,-1.0574853842540692,-1.7332250348240084,-0.083839954035308,-1.4687009543339034,-1.4410515934446808,-1.243058284024427,-0.6150719705839999,-0.09286372995822735,-0.29453908857979566,-0.35178506948557753,-0.6522655315417442,-0.30608840441544083,-1.61554933785134,1.7522644684015587,-5426.391440902225,Global
63,-1.0354591460251212,-1.790531451423436,-0.019116979453613313,-1.3520428958129178,-1.5121633608978045,-1.1348286952283348,-0.38165531440056294,0.14784841960571382,-0.08998172001951998,-0.1415804085497236,-0.6339076764453232,-0.2729482949641835,-1.5031119447425936,1.9466345570006143,-5003.103136714527,Global
64,-1.0474450409591158,-1.755971717345936,-0.017534825745691377,-1.358251887452699,-1.5156183439066422,-1.1485334836199559,-0.4010715488517992,0.122638819480314,-0.1150835354029359,-0.18039746356897876,-0.6356246748351587,-0.282246436948717,-1.5237699229734294,1.9246927166377192,-4988.208879108847,Global
65,-1.048018495007422,-1.7541986471879862,-0.017074335469147776,-1.3578121270429873,-1.516054719410115,-1.1494860211100362,-0.4003836095804755,0.12378429418443453,-0.11620841950949232,-0.18116527385068049,-0.634997727616874,-0.28207715370288566,-1.5239781423477559,1.9260959761916285,-4985.048657865283,Global
66,-1.0485135073930496,-1.750128937587652,-0.015337771760086437,-1.3579334210252854,-1.5188865957199527,-1.1504705004610711,-0.39671422317655197,0.1263044205092666,-0.11591892809225406,-0.18250466779592367,-0.6336148283509784,-0.2807023572905297,-1.5240533866485462,1.931057438621125,-4980.571638119642,Global
67,-1.048733697490431,-1.7435883847726275,-0.013300950800841828,-1.3586727451084335,-1.522011055076239,-1.1527589331417818,-0.39146772357328047,0.13044648544414547,-0.11686806000191641,-0.18662977413584522,-0.629209809378652,-0.27636535331085277,-1.5235279218187459,1.9424796415153422,-4970.128461912163,Global
68,-1.049116205404621,-1.731480473279902,-0.009819811112942925,-1.3612914002097072,-1.523832609926908,-1.1559367272840193,-0.38228879764845786,0.13975769209617467,-0.12121087627092642,-0.1951712800092336,-0.6163546620729652,-0.25876173778317035,-1.521406990215907,1.97864946896841,-4936.240899510122,Global
69,-1.0546577446415144,-1.725484579996958,-0.008083890588649511,-1.3625926522885337,-1.5137275009314164,-1.1543991413646153,-0.3790820038938026,0.15322591851736125,-0.13071266981751126,-0.20429508896296625,-0.590694288246807,-0.21697066532903567,-1.5180076964469889,2.049428701672023,-4874.181576298691,Global
70,-1.0813676761855067,-1.741482948356397,-0.006226776818428767,-1.3517973714180158,-1.4961152902067425,-1.145028077120872,-0.39482617718080676,0.15967417274457207,-0.13805065729877447,-0.19574504802934917,-0.5699749988354482,-0.17441410001173765,-1.5243468648327347,2.0962518753843864,-4854.820400015034,Global
71,-1.0871657552779634,-1.7424733459573167,-0.0033074188662734123,-1.349604254183468,-1.4969087216363532,-1.14512078807416,-0.3961210148949725,0.16107885740625502,-0.13817831496154417,-0.19235957193722525,-0.5685770323084234,-0.169683957083289,-1.5253401820261103,2.097573779686739,-4860.036317934943,Global
72,-1.0806067944098343,-1.7435812106932638,-0.00863394522260529,-1.3502889422497306,-1.4934859032584127,-1.1434171060909957,-0.3933275352978514,0.16044465429630245,-0.13774493432091156,-0.19624559436307418,-0.5694790641006511,-0.17487106131048963,-1.524819788246042,2.099124051931331,-4848.069626381546,Global
73,-1.0814100477601551,-1.7477876034526845,-0.01809809570438336,-1.3468286942770216,-1.4853194042927769,-1.1380633175854817,-0.3862817785736576,0.15873881815095212,-0.1377799452440305,-0.2023628149447279,-0.5678519469410117,-0.18134501239110878,-1.5321934866447349,2.103819091263109,-4832.1099585365455,Global
74,-1.0854254808193762,-1.7621206470998747,-0.0528558205290581,-1.342614372994542,-1.4581537846622257,-1.1210219569849107,-0.3488466576037822,0.1505519766270434,-0.13604118051478017,-0.22138426310943352,-0.5624051832739925,-0.20706646408579035,-1.5596785803633866,2.1182624122643134,-4802.987084852285,Global
75,-1.08992308297598,-1.7655130429117956,-0.060087984875489324,-1.344828364054911,-1.4533072297739174,-1.1150525490910708,-0.33434725187961434,0.14950552467432382,-0.13503356121450075,-0.22339441368328453,-0.5599264019904067,-0.2107698048432757,-1.5658402542211245,2.1225313801768837,-4806.044619403676,Global
76,-1.087175568232548,-1.763944559522681,-0.05774581229918722,-1.340908275270598,-1.4527836603094837,-1.1193159400017578,-0.3362555984120631,0.15034937287120073,-0.13489206699644987,-0.22360730738364754,-0.5590013492712156,-0.2122188515114293,-1.5654875672687454,2.1230681333594896,-4793.556331989504,Global
77,-1.0826554961505144,-1.7642948688771818,-0.055823568991042564,-1.334691091514916,-1.4478438935210085,-1.1286844956610855,-0.3333824382190204,0.14922465556874148,-0.1318503651001901,-0.22320408900930805,-0.5537627489915428,-0.21545330195554047,-1.5684497439216651,2.1255373400259545,-4775.188626693611,Global
78,-1.0558447060983631,-1.766198355532376,-0.03992547845914859,-1.301371745507181,-1.4265070449372335,-1.1818247698281379,-0.3285625232072254,0.1469115125594999,-0.10570568492484611,-0.21257160481199852,-0.525934424349173,-0.22103891172927065,-1.57941483687249,2.139983741161703,-4690.274409398991,Global
79,-1.0252824455517704,-1.7646830494978007,-0.024107082592066065,-1.2692713901467079,-1.406029963374765,-1.2347979029393792,-0.3269898633529224,0.1456159882687853,-0.06495341206117485,-0.19687135485932203,-0.49816571297054296,-0.21765759128220183,-1.591651978538544,2.1586434649812247,-4606.062495038642,Global
80,-1.0065234810050045,-1.7436295847276737,-0.029103726822111497,-1.2691193539860124,-1.38824836444272,-1.2544971096043385,-0.32905318566868363,0.13822119040873604,0.009453732076026662,-0.17825573241498974,-0.4986158808146212,-0.19092670964307104,-1.623649468794206,2.180554239370608,-4528.144656649497,Global
81,-1.007866697959234,-1.7242032212909573,-0.0368104377232534,-1.2820940318770635,-1.3762309683341762,-1.2577435205791965,-0.325858787291721,0.1364138763294611,0.057022227592129604,-0.16276932309213488,-0.516788879652038,-0.17165001563879972,-1.650921960703143,2.198491549134635,-4496.491995180538,Global
82,-1.014368706896269,-1.7183776909015218,-0.036381921844754965,-1.2863366108663457,-1.3720322658522457,-1.2646091765277925,-0.32215366764807546,0.14346724294887905,0.060859617353636875,-0.15599157401081015,-0.5306890390901788,-0.1725089951004891,-1.6557812411161335,2.2084701029331493,-4500.595073430356,Global
83,-1.0121519281052935,-1.7222216743172938,-0.034250279577647716,-1.2858741587115283,-1.3735455901432292,-1.2600479938959916,-0.3201965090390748,0.1417889296574046,0.0638852079302887,-0.15738936497567568,-0.5227895139241843,-0.16781546220401333,-1.6553730014602424,2.207085538292538,-4498.880069993342,Global
84,-1.0124904239306673,-1.7220644655087007,-0.033763494309200504,-1.2847889777200958,-1.3721805121200128,-1.2596242262236053,-0.31918646949390245,0.14083324570581485,0.06387054507780346,-0.15650820649856304,-0.5212370467410201,-0.16786414128919583,-1.6580971421175428,2.208239576646992,-4493.730898072111,Global
85,-1.0120481328441902,-1.7231766158797825,-0.02792432886669649,-1.2865746471780302,-1.374502436031144,-1.2587769946160932,-0.3125179716018411,0.14211393780063503,0.0656480017263642,-0.15453306101075462,-0.5187223209874668,-0.16378852682790193,-1.6600652789497465,2.212188507173198,-4496.868719497392,Global
86,-7.388276929925666,-10.0,10.0,-10.0,-10.0,-10.0,10.0,10.0,10.0,10.0,10.0,10.0,10.0,10.0,-11338345.718082592,Global
87,-0.9774610344205784,-1.7463937195779176,-0.03659695520413496,-1.3138697459396402,-1.365761463704334,-1.2303829715736538,-0.40407104614348943,0.08337479477324565,0.012662779599612832,-0.1769672024293928,-0.5824765236316949,-0.18968253291564535,-1.6830699090012389,2.1584247246062107,-4592.984000890739,Global
88,-1.0837637625335446,-1.700938954992616,-0.08899298605237853,-1.3277933658176222,-1.336503716120301,-1.281399591353359,-0.33269472287477175,0.13319326488302632,0.05084543260851008,-0.16577812839352998,-0.5011492812308955,-0.15138952639988326,-1.620823604203489,2.093568996411942,-4576.225323135122,Global
89,-1.0590460294638204,-1.7123185681359485,-0.05482801987626373,-1.2788652625875347,-1.4272800655057123,-1.2566604259870335,-0.3151244871054788,0.1013740713218662,0.05919820680354721,-0.1404468245514387,-0.5099921085019159,-0.17983765526831294,-1.6527992224013528,2.1932557725781563,-4648.372429346189,Global
90,-1.0002679219584223,-1.7497628094709918,0.04393632227338397,-1.3287535359239588,-1.3124832015205181,-1.2426681040948924,-0.30582869281714065,0.27616487619103575,0.08225480465164635,-0.24386418936847906,-0.5295462799147432,-0.15210599245530346,-1.668173528308983,2.172449900408274,-4443.176579102525,Global
91,-0.9773297337368169,-1.7230970573453825,-0.0016810194656583558,-1.3098071305059955,-1.303644522327281,-1.255120593856791,-0.2956034553530266,0.24199927926547446,0.056458220909597616,-0.2047959677632281,-0.5430795689050273,-0.14759593919558778,-1.6329699926131034,2.1873752721891946,-4306.58925559368,Global
92,-0.9415188426768499,-1.7049166390395571,-0.014341122299098834,-1.2411086817529673,-1.2731218010432255,-1.2902405784676267,-0.19491924761920434,0.25667368156276665,0.0437488569982394,-0.21133890795463206,-0.6428205275110919,-0.06607540497877468,-1.589489944971311,2.2017611251505915,-4050.3566271158315,Global
93,-0.9443468147734243,-1.7234445913661618,-0.007208407267426831,-1.2068825924740023,-1.276023524527762,-1.3053860021833066,-0.1567372589138856,0.2355603670694927,0.05007667780136274,-0.23390150088514683,-0.6818424283179357,-0.019822023628255022,-1.5799702005735865,2.1966107822940133,-4058.6891434095355,Global
94,-0.9379979640917167,-1.7006367696613636,-0.018975667871219255,-1.2073957502794928,-1.2747658949618876,-1.3073856376608517,-0.1611470102623875,0.2713947501444469,0.03216743857886164,-0.20534080315360642,-0.6790340328743788,-0.0360095949205625,-1.5993794219187487,2.202644641282846,-4014.067895507801,Global
95,-0.9353252322763201,-1.6952361103191635,-0.026974520068913328,-1.1921885308700366,-1.2850540943614963,-1.3134604888221069,-0.15666391119194073,0.2972286654292664,0.016713272797349066,-0.18556474221343422,-0.6829638306366956,-0.0322682717087712,-1.630311965022638,2.199880687326687,-4027.20371702091,Global
96,-0.938931740447663,-1.6908467888859955,-0.021969892381546587,-1.198365350047289,-1.275558485156854,-1.3141580640955517,-0.15648586940526413,0.2888115560558889,0.02502120980406655,-0.19370842947071576,-0.6864698208921414,-0.03627300274593783,-1.611840701875654,2.2066996803390917,-3997.7585275474917,Global
97,-0.9529607217373203,-1.6845695854431564,-0.02012497614817457,-1.1934818127032505,-1.2688969674945798,-1.3256626220057373,-0.15876987857597835,0.3008454783625762,0.023770093769045948,-0.1894043796743469,-0.7045374054262964,-0.04791419673934733,-1.6090518421293478,2.218924693770306,-3997.8050208961686,Global
98,-0.9588470639727615,-1.6819389691759798,-0.022392253143159877,-1.192614904099647,-1.2661345715278172,-1.331960139799614,-0.15962293685214468,0.30433271703292986,0.025195875966630484,-0.19076214865013544,-0.7127970291299078,-0.054859211257525235,-1.6047157517623618,2.2243951961632673,-4003.1898506927723,Global
99,-0.9568396797502863,-1.6830415591102377,-0.01870697043839487,-1.1917768258129449,-1.2664641853787921,-1.3287180461246726,-0.15958160541497235,0.30501054257731347,0.025020922721403206,-0.18627394202059636,-0.7072588817724956,-0.04846591316409612,-1.6073951665926298,2.223761016685364,-3994.3506728378366,Global
100,-0.9578820040894968,-1.6824452396491345,-0.01934276021316073,-1.1926255857585892,-1.265420944306032,-1.330510778037278,-0.15768892219602876,0.3052276688776151,0.025375934877585653,-0.18893101252164346,-0.7092804758778566,-0.050637467565847305,-1.6062424450442616,2.225029327076971,-3996.1476147756703,Global
101,-0.9603634034814531,-1.682185494070037,-0.01907531034390749,-1.1910760465498031,-1.2638970201906827,-1.3273680295333876,-0.1574822408895919,0.304042268661776,0.02484542960988342,-0.1873514605303943,-0.7096095169412262,-0.05222125591464607,-1.6060153541548228,2.2282399056081656,-3987.018518157693,Global
102,-0.9617766930255913,-1.6810191858429944,-0.01264353871715132,-1.1906151390755486,-1.261318264633081,-1.3280488062583904,-0.15308910161473385,0.3062227049488454,0.02458093711161711,-0.18177283745848274,-0.7112124700277304,-0.052733029568754,-1.605430177702912,2.22692802930738,-3975.407954870541,Global
103,-0.9662863400533012,-1.673936059546898,0.006931864989820438,-1.19194893460158,-1.2483501951448568,-1.3280792955067229,-0.13504808356675574,0.3061056954344103,0.01750887597541196,-0.16489324646872758,-0.7064225533111179,-0.04814558100179221,-1.6108916316836486,2.2301635318474546,-3920.5817947543596,Global
104,-0.9693067999793055,-1.6544512089539805,0.07868963355263739,-1.209185735890688,-1.2085568910691087,-1.329331306778756,-0.059451016047104295,0.29712824618864586,-0.015610897771088997,-0.10705776239951303,-0.6786893784533953,-0.021215086914721504,-1.6334435958214242,2.2391686215785587,-3761.3313542783294,Global
