,x0,x1,x2,x3,x4,x5,x6,x7,x8,x9,x10,x11,x12,x13,x14,x15,x16,x17,x18,x19,Target,Hypothesis
0,0.8514428210377916,1.6291674809891052,1.4707945803993592,1.7360063997594715,0.7667615457452404,1.9589132642890412,1.7863886934302706,0.41943033950875086,1.4836552948254815,1.3262866382594858,1.7736029229838741,1.7160254242710924,1.4985244274870377,1.7402894401105093,0.3735116869428261,0.651133433988498,0.7458748699089286,1.587426050167353,0.30212053909617875,0.33988539807561957,-3.997183898319662,Good
1,-1.4855717896220852,6.291674809891052,4.707945803993592,7.360063997594715,-2.3323845425475964,9.589132642890412,7.863886934302705,-5.805696604912491,4.836552948254816,3.262866382594858,7.736029229838742,7.1602542427109235,4.985244274870377,7.402894401105094,-6.264883130571739,-3.4886656601150197,-2.541251300910714,5.874260501673529,-6.9787946090382125,-6.601146019243805,-251.1374376968711,Global
2,-8.376618141003087,-3.8964931666041274,5.665796036377484,-6.741876360421067,-8.587174082293473,4.02142345783076,-6.380402417992621,1.9783450075751716,-1.6947270160920969,0.271444981265363,-5.586876541076755,4.511460152702586,6.988698966190459,8.57785656027228,4.718800791314257,-0.4682551851936019,-0.14214053480846367,1.8904054353637374,-8.479260692566177,-7.6504616130894565,-186.23748368111725,Global
3,9.329313320481369,1.6664458086607539,-8.151561722444034,-9.727409967379934,6.738602169357691,8.295757987906391,4.091725214072557,-2.2598680461165888,4.113878099456141,8.466223130851155,-4.236942109037569,3.680396915417493,0.40584999539798616,7.547315504971156,8.477786221863603,-0.21539686938499436,1.9242792552833095,-4.714491684312268,9.834217937261023,-5.792040732231043,-245.1961122291415,Global
4,1.6674016288928222,2.9779990223421304,8.21942420382518,-7.566841395095311,3.516426595319622,5.0950281101484975,8.21070739712049,-5.166241401124376,9.511910655088567,-3.925406396443374,8.012005994377592,-7.906798560121995,3.4623969241731913,7.39085714363657,1.2205516935227259,-0.6476309998057808,-9.698241569622319,-2.1357208768776896,-5.793448595943518,-5.809642346053936,-231.399757436821,Global
5,1.4167739299282367,0.02644597508045421,0.6688330791611989,0.9966599955096114,1.4834848222191577,0.6261278258419078,0.20819490894438553,1.6505130735549534,0.01964532431866961,1.746262264902254,0.2129950782960337,0.2514019090971704,0.33245772868379264,0.296686018952687,1.589558103492264,1.6219627289249063,0.3389359731341792,0.22503524133324637,1.1449612601709542,1.3994139147133366,-2.4663107761943213,Good
6,1.6398223749307113,0.0926752553806307,1.3203059111900024,1.281948232473245,0.8280919917040126,0.9245746066669482,1.229253267311816,1.6070044325256805,0.27318744980182985,1.612721505008601,0.0249427757506131,0.38473100361338,0.49893200936222826,0.9618650198370569,1.5089325153760371,1.226476029577697,0.07235257510983728,1.2725913146899182,1.5877167802802854,0.6631073207773319,-2.188173780237958,Good
7,2.0,0.0,2.0,0.0,0.0,0.0,0.21690036624600928,2.0,0.0,0.026743903658906627,0.0,0.0,0.0,0.0,2.0,2.0,0.0,2.0,2.0,0.0,-6.33137002892665,Good
8,1.4796415246875176,0.06632412707383367,0.8997972291642542,1.390460496404868,1.2773669210657115,0.9548617487629778,0.9568568454716023,1.5636686127307833,0.19981221698087326,1.9725451531708098,0.09778726790583481,0.38498641978862436,0.5088003364934698,0.8372998693594473,1.4633434297635093,1.2637535755109657,0.1990966813821045,0.6643010687398337,1.323954945652811,1.1200671040547143,-2.1022601626015116,Good
9,2.0,0.0,0.8830635915369258,1.8884012556572685,1.3008402346748669,0.8603324424352158,1.7319295521000868,2.0,0.0,2.0,0.0,0.0,0.1402702306713702,1.1916522932523028,1.9930613565352437,1.0348779131103802,0.0,0.7662299134022538,2.0,1.1988683921047674,-5.355703103435604,Good
10,1.457969926674691,0.08448706629591188,1.1150254667213695,1.0440651532635676,1.0296955981594136,0.8197589099600276,0.6830874373594059,1.5359341150567059,0.22345398965671404,1.612526024025908,0.11399794577868926,0.4140218737944971,0.509648304589191,0.631593413258268,1.4332443202843927,1.4316489495090614,0.20726900867573994,0.9056629339515727,1.296399232214566,0.8846031320774108,-1.6323159657386694,Good
11,1.2420484756154666,0.10989850743398116,1.1905443435995229,1.1377860119998966,0.9758283316474317,1.1040547316628981,0.8239303922384298,1.2806133842597591,0.4120764073312745,1.870813234286411,0.055797789458412274,0.6681008095202063,0.7977570143883794,0.8386204038515972,1.1033151803374142,1.2813791007898596,0.21049266111845158,1.0361510931121436,1.0814764253684406,0.7559696629211166,-1.170887032788573,Good
12,1.3290712553604263,0.261296772530989,1.0546414573752638,1.082335284874481,1.367732967783676,1.2015244451168277,0.5485243738258541,1.2798646221429453,0.5863041093467535,1.859350122550164,0.0,0.48013733146586973,1.0012346264485892,0.5150115735971698,0.8886485421619397,1.3826923978228411,0.4266255639408909,1.070854506415395,1.5545493966490496,0.6836954863898556,-1.6209424790626765,Good
13,1.2426712221424108,0.0,1.447570726810056,0.9577782421151689,0.8911933397462236,1.1312709890502162,0.33271572269563987,1.3677614793192527,0.0,1.9998970682413257,0.0,0.9944935094419396,1.0612361315013368,0.9853903681565451,0.935538910773685,1.462934553334927,0.10921415963388921,0.9063921453611453,1.3637327428945971,1.1763091059136173,-1.6525909847841243,Good
14,0.6457619807581285,0.0,1.0431353744838745,0.9135065710356902,0.8104957497133386,1.199268887215114,0.633002629022868,1.3817234103788962,0.0,2.0,0.0,0.06522888113791979,0.8938426419031991,0.7133208029343537,0.7772663050266536,1.24795265828568,0.0,0.858132500113998,0.8601346503442515,0.5618032075027724,-1.5396255814105646,Good
15,0.7596673683997346,0.9274289291337958,1.2685025907901692,1.4256431401368217,0.7421189563872167,1.1923855832587311,0.8454355261206304,1.284962107999822,0.2805446448593004,1.3392714942525505,1.1402323191850006,0.746774730148252,1.0592513769703131,0.8715944859169854,0.5400088567983462,1.181865573710902,0.5518977692121334,1.191661276248555,0.9839178986844117,0.9948263750724434,-0.6966320919998511,Global
16,0.964032813323399,0.7421396344336372,1.292006256844856,1.1569329293025934,0.8893429433724918,1.3895032581619167,0.8148627985822048,1.1162733425266034,0.4715313861521148,1.5249217685937153,0.8761211002065725,0.8009474873919052,1.1011762623454056,1.0578386788896963,0.7546845667517948,1.17598345526541,0.3244217609361473,1.0474424712400507,0.9032584136807038,0.6827600530944813,-0.6465181983678621,Global
17,0.9226009553127523,0.5879182522082643,1.3426969164126827,1.4379441140255889,0.8301458613580401,1.149276335829887,0.8976956244192241,1.0915297295179305,0.5062333076750853,1.5953698618997343,0.7366784682936635,0.8426089406344616,0.9656826415567473,0.7267921348241381,0.5320283066506823,1.2437253819435818,0.379829711335678,1.266873464824155,0.7987562323235707,0.9043003055487838,-0.9053311190642067,Global
18,0.6058876169667087,0.7877408204143062,0.9176472273022173,1.1615440906029044,0.6484080354997691,1.216253241927837,0.8157278521159522,1.4188676048483984,0.431509971745388,1.4325322890615282,0.6253639509151465,0.9771792205399554,1.143101851604028,1.1318420773161257,1.0483347576640856,1.010467624092897,1.0377018498389534,1.1632343672753342,0.9879642583526101,0.7671221322557604,-0.663019200690486,Global
19,0.8768029931561927,0.8834146267709373,0.9535803676532953,1.196554918065316,0.6799779902534506,1.3235591291956939,0.7719358671273506,1.2695857718284804,0.23088831804508797,1.5132781068570889,0.9196946769291076,0.934082935834621,0.9132467701228053,0.9943064011898982,0.882633990736748,1.1715691520214906,0.6751551707384695,1.09378743248424,1.0258036536218007,0.6961229454621861,-0.5619156360419654,Global
20,0.8423037973062657,0.824567068013337,1.1418482970851809,1.4138253320818706,0.8889794550015093,1.2590014660270845,0.6434452616362862,1.4440420882528813,0.3745650658572267,1.3048234482234293,0.8876467432661591,0.8627846707324339,1.1607150351084334,1.0543101061138982,1.01692603881851,1.0702134201563294,0.6628034370462317,1.0250216050845107,0.8772118768894482,0.7203286200056025,-0.6054015382889442,Global
21,0.6850578093314602,0.8779638357814458,1.1922275337108685,1.1118533728155926,0.751518628398675,1.3034299910378724,0.8114259638642638,1.1564761831677077,0.558215861801574,1.4227020663387056,0.9700542285917411,0.7348775260088365,0.932858469561472,1.1400253728687426,1.014079412993851,1.2360444804951751,0.7981253254552176,1.0287244494877976,1.0267281262555834,1.0216675279986036,-0.5052346143905921,Global
22,0.7326672517796503,0.9670705710746176,1.0387507161656637,0.9621851835993277,0.8950959758237055,1.0425021053598904,1.0240340511291988,1.3182908509821911,0.4633239462177958,1.3567400516767911,0.9769978549822389,0.9538140867146472,1.1133401557216995,1.0726878685689547,0.8904583998422654,1.2050078265544433,0.6640573538670119,0.983485743784375,0.9637046603151885,0.9396219383160131,-0.3761421461553495,Global
23,0.895955250960418,0.8022268353834439,0.89350120331114,0.9456404286996005,0.8473441597284714,1.0430466840696397,0.9685703030686938,1.2860624398737386,0.48399431993481606,1.3451092009653745,1.1316331632572376,0.8653713353730492,1.21072531891405,1.1571300721992852,0.8649093720605353,1.216852602767144,0.7448662257577053,1.0940909304552633,0.8902066940370437,1.0022778582391771,-0.3697898201724136,Global
24,0.9273817342190326,0.9573316993631736,0.9641793105687905,0.8824845029354222,0.8300648452796412,1.0596919047096995,0.898852562944057,1.4161280807923247,0.5867857401714915,1.3288501100314671,1.0423853496489282,0.9137959109965503,1.0166824034496202,1.1585606266934312,0.7365181556376228,1.0057544904868925,0.7297654916947865,1.002535433438294,0.8743901634740879,1.0473948091821643,-0.3453981711356847,Global
25,0.9029649114910945,0.8943231761341867,0.9553089498327414,0.9327672819870527,0.7085980855972638,1.003945225585416,0.9417782954466436,1.2269920777414034,0.5760387266604066,1.3111943443312868,1.1318187375805477,0.9444540019788916,1.1736416663423999,0.9868661298369533,0.8674989891156265,0.9006495130863911,0.7141312169054241,0.8690025574175649,0.9748327818794434,1.0403227924918061,-0.27555144177535285,Global
26,0.8806926298216049,0.6973928795906087,1.017986834736491,0.9338480058255615,0.7679792350314661,1.0430907350259957,1.0173717414913008,1.2477977213023719,0.5534106874309463,1.1999979263770741,1.2036449818567547,1.0215585993347365,1.0800048518017356,1.0047070184265876,0.7505952788904414,0.9285722063070713,0.8521256337002707,0.7325863415810129,1.0140703825894535,0.9522994814189201,-0.2826957338042187,Global
27,1.0062178845593537,0.9168951134787818,1.055533527152978,0.91807655227805,0.8096338229519181,0.9655572160310675,0.9996795507508156,1.0622893309300432,0.3889523175502547,1.1963055354451266,1.0740797404691795,0.9216646474766935,1.1431004337851574,1.032841944680895,0.7934811549593569,0.8591244871951832,0.9280155025136589,0.7881136624001962,0.903524849064125,1.0207220164273043,-0.1982779467594354,Global
28,1.0786308959492696,0.9407287407659755,1.1691960287149088,0.8248359756571597,0.8095111327479687,1.1155583717341682,1.0967364966485915,1.1835189650048763,0.33859106501909414,1.279880502685698,1.1272946408968203,0.9185175845959367,1.205908218705466,0.8588270279602054,0.8665285220963284,0.8542971694225457,1.0345720706938164,0.8017431094114483,0.8025693488414682,1.0708647725037987,-0.3154694636671058,Global
29,0.9632403045823184,0.9200906852697609,0.8678658785921666,0.9659884649835166,0.8278821331739231,1.0644825823023696,0.9971200909693116,0.9312716963758846,0.37690204772991026,0.9046015431102701,0.9558764268019742,0.975854078323309,1.108166180353349,1.0688629826921883,0.7590739001329995,0.8563273697146194,0.8091231414477466,0.7982486646814254,0.9234003186830292,1.1400566569123523,-0.19406316262329373,Global
30,1.0731807886422475,1.0134775997630712,0.9221704236248408,1.0408712562855167,0.6472703281638633,0.9455349389443971,1.0058495725150165,1.0034352278877778,0.46800095586028045,1.0212132824173352,0.9299775702216513,0.9056835894735698,1.1913981372058708,1.1210794203938903,0.6870756684252192,1.0361728659686584,0.8984925762863335,0.6135045803613243,0.9082396851901512,1.0416008844258577,-0.2525793607679262,Global
31,0.952858076047,0.973902998089433,0.9527300796549597,0.9591165407158303,0.8890528866698492,0.9200669253321855,0.9321004004248268,0.9076406478320936,0.42822786589368034,1.0135095654506907,1.1048771498064789,1.0487476578357169,1.1234075812809947,1.1080968185421336,0.7695968068523795,0.8048307079929141,0.901906495747842,0.8611825778783514,0.9631622167257423,1.0739446443662128,-0.1688172944033991,Global
32,0.921634388326258,0.9559972015444004,0.9285081659709439,0.9394857835142545,0.8869110513443408,0.91725229386891,0.8841898829754472,0.9235676409573985,0.34758472714593075,1.0957847971738004,1.09828983743524,0.9593727548495539,1.1022833672048125,1.0980753774821503,0.7321584223550195,0.8322422147786581,0.86035127575104,0.7501637375400425,0.8676123700694355,1.1052810852856187,-0.21694562350275473,Global
33,1.0815377298681539,0.9558210212657569,1.0925622705495437,0.9371165013028265,0.7630798377999618,0.9176442585943,1.0742056272040361,0.9477656276064633,0.4315416725048522,0.9242752716936297,0.9957383957836868,0.986395249865439,1.048388859885145,1.1171375521843767,0.8373966027222914,0.8084810156121066,0.8679529802907592,0.9659409380011243,1.0702400683546118,0.9714887886956584,-0.16989572222679575,Global
34,0.9992803593393995,1.0192500647008491,1.011551771398749,1.0374447707568186,0.8652837655240353,0.9717504801472069,1.1641400822245627,0.9328193045001789,0.4682183971763643,0.9995296119777236,1.0907044146343712,1.110388726654591,1.2605588248671316,1.171636414137908,0.7659181056729778,0.7140434770326514,0.959766843628278,0.9746085808319855,1.1535368676909044,1.1767073320159578,-0.23591839070236623,Global
35,1.0424692357982968,0.974959846149973,0.8675427459408638,0.8832929981797976,0.9238401277178095,0.8268828393347176,0.8982190350114104,0.9064390194262187,0.48485054465999394,1.027272872321996,0.9762578977968367,0.9099663497838302,1.1773660086600697,0.9337624317606402,0.7326552394373564,0.8429567938009042,0.9629585819962656,1.0346514723990983,1.005068744016805,0.8664854055560297,-0.1740933190840534,Global
36,0.9908847534243304,1.1067799106851501,0.9588377015776921,0.908714568564824,0.8412605110984904,0.9488887708884126,0.9371598266074115,0.9888179867343637,0.5517735748906509,0.9330148426773628,1.1075210731769667,1.0186874005604147,1.1423108657077967,0.9066166275951821,0.889940982019575,0.8701512623410641,1.0218023345542582,0.9930027247883795,1.019201461017515,0.980353988833258,-0.12104515441059092,Global
37,0.9874308946351775,1.2630719473091074,0.9138573589481307,0.9788171408989724,0.8416338689460139,1.0223594248776968,0.9028568996896537,1.0222443033091393,0.5345723834917735,0.6503808889479966,1.213491907106985,0.9971576976223464,1.033310062056179,0.8898529337344526,0.9429481857689246,0.874617238591753,1.0745208478183996,0.8950209897911987,0.9122449236796804,1.0016491021030738,-0.21720913292882987,Global
38,1.1492772800656335,1.065673433321169,1.0954225582797403,0.8959377289092113,0.775991088004151,0.9892862331450085,0.8278846324667829,0.945846849351914,0.5754593289231797,0.7672071555915049,1.0613240822525958,1.1543781611818071,1.186726336708707,1.006664259893157,0.8249829517951024,0.9467109309849421,0.9224132368266283,1.046100573868637,0.9883837026904665,1.066827491590835,-0.20283553647861313,Global
39,0.9468557965562024,1.1348499163732275,0.9404681768545932,0.8772967985639109,0.8322045547413381,0.9842217761707045,1.2331934609305273,0.7815094148129861,0.6856543066622065,0.9021480425641234,1.0418007424876063,1.0629109494446014,1.0708540006869403,0.9097374985849559,0.9202917374069118,0.9668680227423465,1.0325589052276805,0.9422460736831583,1.037720842806131,1.0105821924152263,-0.1409716673228821,Global
40,0.9793543637519976,1.045411843308413,0.9141595958621712,0.7116471599113737,0.8257510647304218,0.8290185837065124,0.9826683144023964,0.9057325679415281,0.6029067157684389,0.9957410181466589,0.8453970488304624,1.040575248798689,1.0270061493406928,0.8531887770220726,0.8824704148964446,0.9583337898745387,1.0997338339919018,0.863133770515321,1.0014612629378348,1.1132544167024094,-0.15730890200463066,Global
41,0.9828710467425572,1.033392957689072,0.9044108846022687,0.9702197922707735,0.8084780372536587,0.9998722989764923,1.0613108230943342,0.8959568493741892,0.6017545327580135,0.9003139954393036,1.0707969578805936,1.0638206694732273,0.949593199117342,0.9814588904174081,0.9761172363428934,0.8144449463853547,1.0070435270091496,0.9518882540490176,1.1223011202066064,1.0788252593317254,-0.11288295855028625,Global
42,1.036179748206616,1.1006522159669438,0.9378252534123278,0.8390761956963629,0.8655873354831171,1.0182387463231828,1.0149465072708928,0.98529750475729,0.6296933688699887,1.0242500610463507,1.0812824538204582,1.1145428374321706,0.9736301517421122,0.9658341212040227,0.8979627030123524,0.9634772377053873,0.9535367949430501,0.9892517271106368,1.1068940488872796,1.145912141195728,-0.09958770746630166,Global
43,1.1423160804034462,1.2266180526293053,0.8510746141344606,0.7921611710315563,0.8178571240329813,0.8109211914107154,0.9369955325171994,0.9799149310598986,0.6297048076974182,0.8669106533863129,1.2158502797376303,1.1018626719700706,0.8925574539084535,0.9233065576588448,0.9646517132922134,0.9274882724966129,1.051826455150041,0.9876789195993458,1.1060539979274606,1.1512251436143897,-0.2189713830198043,Global
44,1.0554948105744606,0.8902580509244742,0.9634912362169296,0.9066394504836393,0.9718600086410757,1.0924203445887757,1.1438294415328631,0.798954298753243,0.6640403586112889,1.054620959533249,0.932567205429367,1.2292699492422134,0.9286019496788119,0.8697137776919226,0.8369036949818915,0.8778588771393536,0.9747428620480216,1.1158988671651169,1.1921041534527157,1.067961958958695,-0.17861241279517573,Global
45,0.9957977547221565,1.1407218251897213,0.9223816510771782,0.994543886695175,0.8713083390983971,1.101931480508672,1.0407263499186479,0.9279667851243244,0.5896260153007977,1.095708495586597,1.0666470285762428,1.0601519271150117,1.1003066123296585,0.8028611090258975,0.9583535647673713,0.8923663387571844,1.001238778318611,0.8283346006233194,0.9761617406524636,1.0626371608587972,-0.1323281657635633,Global
46,1.0831664950991697,0.8890317348359811,0.873086718779221,0.8251717558082365,0.9917447260243868,0.9271661025687263,0.934448992012378,0.8673604394124108,0.5686795733184276,1.015250210668444,1.0367622339889475,0.9206750101064177,1.047690792019074,1.163263480093308,0.7728041146875383,0.910977165502784,1.0278620451324725,0.8337537537138678,1.0475966521688402,1.1016271764543801,-0.16006914700799493,Global
47,1.0197760120433383,0.9792126795808311,0.8046857968344975,0.9282603399196395,0.8279135769235687,1.1666186348565144,0.800195454006693,0.9876921908406209,0.721446134795588,1.0401811591763002,0.502173264848447,0.892900588763445,1.001173700547884,0.9251436451176714,0.8951374282114695,0.7342023953859295,0.8736519261627105,1.027935441049922,0.9324248316495706,1.124536819394888,-0.21009602785538387,Global
48,0.8167207028347435,0.9330995360648664,0.7947677769645529,0.8260503163660108,0.6503327080883955,1.0842198147304993,1.0064810918632545,0.8994926300047928,0.722976275987796,0.9290649748548403,0.9276145881666287,1.1351175065623653,0.8319805585124993,0.7464134769479905,0.8173557731192816,0.9796985000274316,0.910340113588215,0.6999366610943497,1.175944255095802,1.238946247734792,-0.2695115022253092,Global
49,0.9188587672121622,1.401383135777881,0.7565336866920181,0.8461917633148835,0.833494854859119,1.2761360615907784,1.0263095194971765,0.8801278473155791,0.6161171651165491,1.1482431289646842,0.9451039167038343,1.1068913410370333,1.029589936851048,0.9473069598709674,1.007910207091276,0.8716670307105779,0.8998450876943854,1.070612765222655,1.1931378342624825,1.04814962162599,-0.3160307855291361,Global
50,1.2268074731452105,0.9490537859889258,0.8547558954894822,0.8598909095033817,1.0605330924456233,1.055063915420167,0.9597538350679522,0.5751121880051987,0.7018452247942423,0.9869815687653647,0.6959441759274735,1.00999801454137,0.8349553636983069,1.155190857955879,0.8696296067517668,0.8911093182773396,1.1437689394082826,1.1538869150228954,0.5705555560265,1.1934891039245046,-0.32675301427837794,Global
51,-10.0,-10.0,-10.0,10.0,10.0,-10.0,-10.0,10.0,-10.0,-10.0,10.0,-10.0,-10.0,-10.0,-10.0,10.0,10.0,-10.0,10.0,10.0,-1341.4598452378282,Global
52,1.0259731991641623,1.0298237934890055,0.9862801464952002,0.9213203539235607,0.8794811785436649,1.0590822530036152,0.9799550132963518,0.9203184641482095,0.6931571727459226,1.0009646134518264,0.7858477200428601,0.9564920455237187,0.9353603817441501,0.9265302683539876,0.8495834484534995,0.9511751690406081,0.9224036884300112,1.0538349047974773,1.000134510026982,1.0524411730166625,-0.089030826037014,Global
53,1.0636229195806857,0.9587866433372493,0.9611932100396269,1.045022533341768,0.8644577982906277,1.0559874130415785,0.9615537969000278,1.0225708728977545,0.6276303012262341,0.9223699782282155,0.8928959699816487,0.9573476632011828,0.8712855703501449,1.0166778366760731,0.8920997784944504,0.987087131832763,1.0280077905110512,0.9139857004273084,0.9310234033223351,1.0110026394633032,-0.09127214212411563,Global
54,0.9750528241334244,0.9388485491040055,0.9161418513873915,0.9276245256263885,0.9663600779945013,1.0248343067606676,1.026823308569063,0.9335946555640611,0.6611747139565425,0.9434783332714843,1.009628788835485,0.9955206533372998,0.9405989077336768,0.9354750549886606,0.7994651579525951,1.007466163295801,1.0335698165488587,0.9687517444470766,0.9707349743350598,1.0963006554653905,-0.07480418381186324,Global
55,1.0588704878226909,0.9945435879873503,1.0764317059265645,0.9080515361074258,0.935067708596328,1.1006490309046275,0.9595546413800679,0.9098504180612051,0.7442268852494517,0.9826174760418517,0.9244228305765777,1.0382859016926111,0.9012800193367261,0.9024790762930365,1.0321356398927006,0.9595881155522133,1.11929128861041,0.9850088477550616,0.950950698193858,1.0053831985795703,-0.07123438692654505,Global
56,1.0645163714743855,1.0197369616523644,1.081567576060174,1.0269682142547036,1.098553947693729,1.0776839563224867,0.9720337149319255,1.0714668757619936,0.7400748174187814,1.0355717031621414,1.041024619360569,1.036504810998788,1.0496681831037276,1.0299939396994062,0.9588292535703733,1.0275706178740724,1.0116389069727125,0.965618410160925,0.9104793105961653,1.1291917833697014,-0.057090313396678784,Global
57,0.8528169427824183,1.0424172515555032,0.9754940084262261,1.0005529538821332,1.09984151447829,1.1654007265812916,0.965970721849725,0.9695646420180115,0.8174953304950306,0.9955253766972533,1.083933007111369,1.0350519324346927,1.0209348615566871,0.9500870639517536,0.948821992340578,1.0310626658884237,0.8732232549059057,0.8807372044917164,0.9265175327964443,1.1165070405117874,-0.08478962023330464,Global
58,1.0544885481991255,0.9863665011813568,1.066799392079671,0.9846291235847419,1.1206638479346769,0.9502085599758279,1.0377335665296326,0.9475868521966488,0.8307202497292292,0.9219475973948612,0.9154792078219266,1.0687018297427366,0.9197565682090244,1.0581762293320716,0.9451592244564393,0.8192587478863056,1.098135364710589,0.9845921940796845,0.8943196700452604,1.1087644624799815,-0.06949766693175445,Global
59,0.9901127798316596,0.9835312878022346,0.9614615918706456,0.9232352633497747,1.0286970937928157,0.9543237326918937,0.9939945865853799,0.9428669063660247,0.7754072158546351,1.053115242776233,0.867791848926445,1.1316588570591841,1.0236717140553075,1.1050149828632516,0.9746446807579686,0.9523052621188351,1.1017309653726322,1.021969182484488,0.963561647130347,1.1186501422676498,-0.06109395197686587,Global
60,1.0420281959266562,0.861352496246799,0.9522279797648051,1.0005543933723644,1.1333256577588373,0.9441996103179768,1.015719443745147,1.0095260158769517,0.7560642430358921,0.8515527382914827,0.9463480391528073,1.0785139569799331,1.038475215048557,0.9008299557344217,1.112482404188205,1.1002076008742683,1.080077484228801,0.9805083281827512,0.9370206523634054,1.1174924891367528,-0.08493094837477737,Global
61,0.9469728316037822,1.0792969123668072,1.0551677378270456,0.9941523689311105,1.1023650305516564,0.9807222121313084,0.931178880319341,1.0032069127413088,0.7965315229982836,0.7721228877857574,1.109571284158008,0.9722882176110011,1.0606891652755868,1.0661803768591982,0.9887600661092002,0.998415925424955,1.1385095461001595,1.1165724714231595,1.0226839710797653,0.8872152939140484,-0.08464908941145177,Global
62,1.0989984480900257,1.1081877455234332,1.075399507594974,0.8845645594577354,1.1117177626192274,0.937156739006316,1.0293964071703945,1.0514702091117365,0.904947192604656,0.9367683992174886,1.031266685523464,1.300442611189869,1.0108194118910077,1.1112534498942084,1.01698108063475,0.9796039090800225,1.1367119233617617,0.9942416824508239,0.8765044847129003,1.1559456564234778,-0.12631930334206812,Global
63,1.0411658975973093,0.8895067110021303,1.112239927275834,1.0751673079352912,0.9386227010791308,0.935053060051156,1.0076333828433455,1.034431960492579,0.7173127614963878,0.9824612843890437,0.9101772002965538,0.848900284283518,0.9448227291514935,1.0870614483266268,0.9725209119485159,0.8508400739884353,0.8735505756875438,1.024946585338955,1.00309810784294,1.1255692167326923,-0.0894625030130844,Global
64,0.9112155287939566,0.9050605592121473,0.9724154575908467,0.8707700755545862,1.1715843763970675,0.7785614519463914,0.9056703348884497,0.9525755783070803,0.47410409063907133,0.8900121296320196,0.853814576883208,0.9475874673481651,0.9066825649714487,0.9510063085508145,1.1325254676371106,1.0371319696247994,1.0039312553505626,0.9735514061781632,0.8587896921438797,1.0286347135061455,-0.1736485038779686,Global
65,0.8449620317549758,1.0027496545321894,1.1125874522447117,1.0387925188204463,1.1376604330291373,1.0564593641704607,0.993775177430573,0.922499462337547,0.9763677977940309,0.9351704342374744,1.0309562938248984,1.1096850473847053,1.0873515362159756,0.9351633197051664,0.9295371835701202,0.9053162604320585,1.1877204284867313,1.01548401980788,0.9431968914862634,1.2172309499466778,-0.09564463139067292,Global
66,1.1259036777991054,1.0391648983535984,1.0099560730294126,0.9068056536577508,0.990573826780978,1.03136116678824,0.9513089010550316,0.833171435927798,0.9781556982984699,0.8825729342868774,1.212087267075437,0.9715256187006351,1.006430715501224,1.088101216494733,0.9884242145338831,1.0116953268125195,1.1728264159114403,0.8149747356270715,1.0657959761668472,0.9853826074679317,-0.1087033942606298,Global
67,0.0,2.0,0.0,0.0,2.0,0.0,0.0,0.0,2.0,0.0,0.0,0.0,2.0,2.0,2.0,0.0,2.0,0.0,0.0,2.0,-6.329222770584872,Good
68,0.0,2.0,2.0,2.0,2.0,0.0,2.0,2.0,2.0,0.0,2.0,2.0,0.0,0.0,0.0,2.0,2.0,0.0,2.0,2.0,-9.170777229415128,Good
69,2.0,0.0,0.0,0.0,0.0,0.0,0.0,0.0,0.0,2.0,2.0,2.0,0.0,0.0,0.0,0.0,0.0,0.0,0.0,0.0,-4.624290095286718,Good
70,0.9543911502894241,0.8185961494211422,0.718304868316788,1.076239456441474,1.0298964060048958,0.9278490820377155,0.6380224709485319,1.1819017807414136,0.6762766655959455,0.9281204265899535,0.972119293274404,0.9577277723814134,1.222370059599249,0.9321022882569218,0.9621467604166168,0.9303126040540212,0.9081296430288864,0.9147779357482139,0.901659821636417,1.1304742044008225,-0.20203502804834653,Global
71,1.018891242690592,0.8515889325739595,0.8980322990959279,1.0562304142247312,0.8303581761941475,1.2192943905598879,1.1560951402652395,1.106864667313029,0.6588714018286138,0.960625273776281,0.9224576161176294,1.0542558639963684,1.0061717729596447,1.0996091332488456,0.8642037835798656,0.985887660085499,0.9318558003788048,0.9367631203452178,0.9249026141983717,0.9734331562412386,-0.14281558307641776,Global
72,0.9986952904963,1.0164199164673071,0.9129460416572617,1.0770334881601664,0.9744173418508638,0.8989749780345433,0.6302569740436706,0.9964827957405158,0.4058721596055401,1.1156253263027192,1.096753885193371,0.890008244285636,1.0487815042399729,0.9240557734774087,0.9308068484003965,0.9984575159375125,0.9277798588370164,0.9793960806249176,1.092023269272931,1.1238807152195909,-0.16831196679793678,Global
73,1.1613699778161375,1.0571072763910598,1.010430139343454,0.8081034914487142,1.2143712281565744,1.0216951528786684,0.8481051616521652,0.9338410458463088,0.80333339806688,1.196040985383999,1.0272692957633087,1.1311330016294605,0.8788235126044714,0.9535794213012221,0.8599000958599157,1.026489786631078,1.0451106106242374,0.9397342537380717,0.7850035005938306,1.005798000301735,-0.1740129068414565,Global
74,1.174434302431234,1.2402421787333069,0.9229577662269796,0.8005322380081286,1.1916659617486174,1.02719202290621,0.8872839854197109,0.8003079462629707,1.0409374502170181,0.8794800651635282,0.9771669567704296,0.9501128251271507,1.250798380933202,0.8225267071097994,1.0156857148238396,1.0476671436602054,1.2089700295487045,1.1742852242441226,0.8616800741288603,1.3364377781575474,-0.2560365918713242,Global
75,1.1378114701729989,1.1226139735293754,0.9432181063379824,1.3775461004773988,1.2334392734573496,1.2102558923756095,0.8921373047152434,0.920408470616048,0.9027230793315599,0.9681607487701043,1.000219474374959,0.9123750992285442,1.3019254025912477,1.0849942754432338,1.0742142974794637,1.0158856948680015,1.4318757183046535,0.8473608825591544,0.8400691535515092,1.1309861609638494,-0.4070060547449969,Global
76,1.1609524186217393,0.9111163701655355,1.2630820978837134,1.0899303826712567,1.1976999554043999,0.7572298822570044,1.109503738609227,0.8695953394375653,0.9544226472945686,1.0134939209615055,1.047426295304574,0.9373251558721584,0.9356785113663915,0.9670925451636678,0.9996442884530006,0.8954515559593045,1.029026790850179,0.9713115634318338,0.9187080875391817,1.1962569630403037,-0.15913038946688585,Global
77,1.0106642985607703,0.8542421812817789,1.1273655854370825,1.0626574319216728,1.0767508266299581,1.0703624895448205,0.8056261262239861,0.963241140029038,0.7692413680293474,0.8977982095657363,1.2250878786367587,0.9551271033541614,1.0639877217987768,1.1147460556202917,0.9374043567558193,0.962530689098555,1.020273892091355,1.1247304831073932,1.1678122117368062,1.2204631524740355,-0.14017092351221103,Global
78,1.2110539658304325,0.7588604552849584,1.1219089409120466,1.1463179078506625,1.1043543731168528,0.9370425290375527,1.0119241583639345,1.071694113966456,0.645456504942052,1.0411030128068792,0.9952239807935762,1.1849433049193157,0.9846393203949635,0.9447972281767519,1.0886210719169562,0.8403121666592185,1.1090286291664035,0.9002247679815749,1.211540881024612,1.2762061433307603,-0.23024345495321835,Global
79,0.856003604831984,1.0946796548398277,0.7589061281157512,1.0112734691904786,1.0841848969171002,0.9840190490569874,0.710981479175939,0.7748497195665227,0.6359748334198659,0.84304927329271,1.1458931894649365,1.0885890681072954,0.9995994638339619,0.8810249846453972,0.9732155519817965,0.9482149775774378,0.9888505293699017,0.9432543126899863,1.0588400722505449,1.2681070151022171,-0.19179415995304644,Global
80,2.0,0.0,0.0,0.0,0.0,2.0,2.0,2.0,2.0,0.0,0.0,2.0,2.0,0.0,2.0,0.0,2.0,2.0,0.0,2.0,-8.034155445883027,Good
81,0.0,0.0,0.0,0.0,2.0,2.0,0.0,0.0,0.0,0.0,2.0,0.0,2.0,2.0,0.0,2.0,2.0,2.0,2.0,0.0,-7.465844554116975,Good
82,2.0,2.0,2.0,0.0,0.0,2.0,0.0,0.0,0.0,2.0,0.0,0.0,0.0,2.0,0.0,2.0,0.0,0.0,0.0,2.0,-6.329222770584871,Good
83,0.9421143329668952,1.01316124602246,1.1856956730821833,0.8286677484440808,0.7125414256533188,1.2070934971715062,1.0533764041235771,1.094438134051564,0.6301810641215856,0.9933612927684959,0.7756301464547459,0.9082006659799864,1.0966539353201115,1.2423275864456862,0.7370366998491173,0.961011818325843,0.908314836616909,0.9867270859387423,0.9539770999393445,0.8164894277655328,-0.24186871810940194,Global
84,0.8833386321111532,0.6449204639015745,1.194740162253628,1.0738271122686718,1.3377148800321395,1.1364169806189939,1.1694805727571371,0.5561795236457376,0.9513998074439008,1.0875623421725826,1.0117348287802301,0.9762184237096181,1.0699695455447402,0.9969746411396817,0.8550796576817578,1.1060962404197334,0.9621908473815801,1.0971308885476942,1.0202811916961767,1.1034082956876112,-0.2687723285569858,Global
85,1.0985804489325184,0.8150614056593564,1.0855360844390647,1.120082833084718,1.001559863080268,0.8826547947658708,0.8331571632076997,0.8485643967227287,0.5870843801691967,1.1827976778190723,0.520526654913422,0.8340519312063743,1.1561345127235254,0.8864952643575325,0.8263213140451728,1.1551265010178993,0.6948330770717568,0.5952123004896079,0.8172172953186103,1.0914115916005873,-0.35764892046105545,Global
86,0.730344332825328,0.8829935485963776,0.70624365707457,0.9091461522388464,0.7811952238291566,1.0126520778831134,1.072330570681258,1.0494145158323431,0.9748638253446257,0.9432787187957572,0.6503671266464907,0.6138290137115675,0.9363304587563221,0.974156858693053,0.6535890310550334,0.8462307508550074,0.8759312007071434,1.147758513246873,0.7297530675405433,1.278164901849703,-0.33296557692342077,Global
87,1.305067961641284,0.6698436006852071,1.2937268771737234,0.9095007109998062,1.0658900853782225,0.8586543745699924,1.211643256410021,0.9844331903547645,0.8581991999885572,1.1615661611569772,1.1697594511309184,1.3943122235302694,0.9421142072732986,1.060383785065161,1.029591285944149,1.0763860643754897,1.1357334167898634,1.0565385153037117,0.7920585918198545,1.0462280732638534,-0.424449745400498,Global
88,1.1636979128652714,1.0036444603926258,0.9107301380611207,1.063609957568442,0.9406269034160428,1.2231369007055037,0.9496382782266568,0.7187339144051293,1.01476051410667,1.1604455387533044,0.9447444445119269,0.9706572458832718,1.0732371164845191,0.7508028684191046,1.0627129831325868,0.72758851102792,0.7110342275768958,1.0446014761569677,0.9840299357950073,1.000667574707669,-0.20493832883059623,Global
89,1.168553424860998,1.0282434526141282,1.071376528862234,0.8529407333779685,1.0186901411337617,0.7586948708618709,1.0063025951232798,0.918394414508683,0.7236043299136931,1.0776211910745028,1.1369933886116725,0.48424991783863686,1.0592119059635998,0.9282886037552307,1.0935916791737292,1.1330622305472584,0.7283750368671492,1.1546343920383633,0.739024908393915,1.0925205950810515,-0.2704257843379782,Global
90,1.0971579422263043,1.129753069720863,1.2144467119317923,0.8904335912862235,1.1649018306163785,0.9393706819953186,0.8042519020234102,0.6915495586179485,0.8077950692851095,1.2212334086423997,1.316930405592073,1.1015901089747475,1.1447655049963228,0.7389960984657861,1.0486790306075475,0.7018193841825973,1.1206907388871818,1.0088469792084247,1.1982587025661582,1.0869384882773359,-0.3360632182660677,Global
91,0.933460115111584,0.5561815751197472,0.8186595220018151,0.7755636014978594,1.0602421857361701,1.2999656237609334,1.1496960444677002,0.9293166369145045,0.7292401309577864,1.258544919905457,0.9791756953969571,1.0077386106955915,0.9594952670997046,1.0599258439185044,1.0101984464256846,1.012282575025481,0.8699250710908736,0.8119772137467876,0.9210813193835382,1.1293253768795721,-0.26657308555861553,Global
92,0.882320506297232,0.8595495053528415,1.0329236404431792,1.1497389314025364,1.02079269953952,0.9515454591964586,1.2932571745436723,0.7420480816952035,1.0500473355516662,1.0264308608198924,1.027706748712162,0.9587839909684038,0.8151577870811613,1.0217410782124108,0.9076129861954236,1.1204334387048436,0.9466207015709419,1.0066424398621308,1.0741342758921102,1.235050222665744,-0.15436320967412448,Global
93,0.0,2.0,0.0,2.0,0.0,0.0,0.0,0.0,0.0,2.0,0.0,0.0,2.0,0.0,0.0,0.0,0.0,2.0,2.0,2.0,-5.760911878818821,Good
94,0.9466747148426792,0.7173830507191734,0.977822535045325,0.9183417020089871,0.9763117320753332,0.9635761072969588,1.0809861545484247,0.809882288503921,1.381392218057635,0.8317604903340999,0.7299977278428287,0.8135941216423539,0.9149228016128198,1.0978101977858945,1.124411858979211,0.984697631233974,0.656618019215203,0.9202661181475793,1.0677596157118765,0.7090770505358702,-0.2723363904624937,Good
95,0.0,0.0,2.0,0.0,2.0,0.0,2.0,0.0,0.0,2.0,0.0,2.0,2.0,0.0,2.0,2.0,0.0,0.0,0.0,0.0,-6.897533662350923,Good
96,0.9228769058630871,0.5175015264763307,0.8317008492863086,1.1655213221817327,1.0510519058029562,0.950083936869992,0.9402778488601903,0.8843525644925694,0.4774883260013282,1.2488731738015644,1.098947119437816,0.9300055342806764,1.068455982534926,0.9486008305218145,0.8849013428440423,0.7357468327669557,0.8280553595778084,0.6510886927784456,0.9764411463090639,0.6834270508467425,-0.3211817512292693,Global
97,1.0007073614074655,0.7227319705156291,0.4900560025515583,1.157917260654328,0.9859085380798164,0.6396836575193695,0.7546510194625964,0.8809341961357449,0.6368515801954497,1.190540760890995,0.9755756109939535,0.8873024615030712,1.3278084244028308,0.7459336021206744,0.8144816555952634,0.7852032334080519,0.887719312918743,0.9809123251694252,0.7471147968363099,1.1225827306500613,-0.4116081139089944,Global
98,1.029266746579228,0.653495231613975,0.5736383471426978,0.7614685184799409,0.6833211951060311,0.8153508823985576,0.604028520833691,0.8142870212798118,-0.0896162099502903,1.2962084197893968,0.7342965369981845,0.7584663641477005,0.8466637043071723,0.4975818454600962,0.8636642837021395,0.9297145724586416,0.35941531308923225,0.6365453754880017,0.8945146213229881,0.42506534937500334,-0.6792398414964187,Global
99,1.2009512182018072,0.4719705377661717,0.6454530223161782,1.0275621725668882,1.0134537085164594,0.8544107966606871,0.5937888921472478,0.979707922857562,0.3231578155053914,1.543517067583392,0.9295142114796408,0.7983700334890304,0.6684263122523297,0.6451938203687807,0.6168121470757109,0.9647509000855466,0.4748061111614219,0.7256654190528684,0.8639816347679475,0.8742724002171213,-0.763233469863397,Global
100,0.8135367551935847,0.8435847790540464,0.7151783696089243,0.8885316104028715,0.6748315295389321,1.0486619323878401,0.4895166518759576,1.1402271952858318,0.02405403670612782,1.0288282961458182,0.7920704542107178,0.8754544025539513,1.0484324350292413,0.5523150407075804,1.012280451451746,1.010816390875536,0.8923545215595954,0.6234286275087679,1.1443870938478198,0.9377577617031879,-0.43861543790245366,Global
101,0.8464119414224739,0.9267508567783508,0.7751298402242437,1.079135493764256,0.7881961570381287,0.9257332777930987,0.8483511960811724,1.025936151895229,0.3906626912002489,0.9313017764158519,0.8521335155024372,1.2864611553539247,0.8635246925130231,0.6884592172499332,0.8220829648122383,0.9372995887133255,0.7795282679961992,0.5641955993243654,1.3232282837477627,0.7878597659754418,-0.4272929305512136,Global
102,0.7209200579893569,0.7753983865428461,0.41937616094695523,0.8667178056499173,0.8914592454054496,1.1494785636054585,0.9897929807504949,0.6566398880974863,0.4959566658844596,0.7276505690434172,0.9240944210972387,1.2585930234573213,1.163709550473919,1.0033583497507363,0.9584615971195933,1.0768899126943827,1.1373597759787393,0.9544343728931634,0.8416520796239212,0.7576843469427055,-0.4242602854263542,Global
103,0.9614790359791082,0.6561874538586113,0.872079601161559,0.8865285354991637,0.8196954364148663,0.838210044296785,1.2126454366164405,0.7652757963136985,0.950868953415004,1.1674947817315389,0.9928024874059003,0.7428541896155644,1.0185266460109144,0.911992025375126,1.240570197176758,1.2550175286058962,0.7660643860155433,0.7289938287545148,0.9244337937339929,1.0373642475524365,-0.30085977201476305,Global
104,1.0580821454752463,0.7809427784565512,0.8664086127520707,1.1222742564840436,1.109223661677412,1.082293896749214,1.2056504643694939,1.3436649338395164,0.8427052350736647,1.3100656386120184,0.891403806941822,1.0959990389703511,0.9213588172547029,1.1134589444237963,0.9059220143964111,1.24462060139539,0.8616180453993392,1.2269922870097707,1.06835080435344,0.8652114885979427,-0.323156383678832,Global
